image: my_robot2.pgm
resolution: 0.050000
origin: [-1.900000, -8.566734, 0.000000]
negate: 0
occupied_thresh: 0.65
free_thresh: 0.196

