image: 20210907_0241_3F.pgm
resolution: 0.050000
origin: [-9.738931, -7.676958, 0.000000]
negate: 0
occupied_thresh: 0.65
free_thresh: 0.196

