image: 20210906_2337_1F.pgm
resolution: 0.050000
origin: [-1.717052, -8.740489, 0.000000]
negate: 0
occupied_thresh: 0.65
free_thresh: 0.196

