image: 20210907_0234_3F.pgm
resolution: 0.050000
origin: [-9.732877, -7.650000, 0.000000]
negate: 0
occupied_thresh: 0.65
free_thresh: 0.196

