image: 20210907_0239_3F.pgm
resolution: 0.050000
origin: [-9.730998, -7.650000, 0.000000]
negate: 0
occupied_thresh: 0.65
free_thresh: 0.196

