image: 2021_08_31_08_21.pgm
resolution: 0.050000
origin: [-5.338456, -11.881461, 0.000000]
negate: 0
occupied_thresh: 0.65
free_thresh: 0.196

