image: 20210909_0600.pgm
resolution: 0.050000
origin: [-5.985760, -13.572209, 0.000000]
negate: 0
occupied_thresh: 0.65
free_thresh: 0.196

