image: 20210909_0548.pgm
resolution: 0.050000
origin: [-5.967727, -11.472182, 0.000000]
negate: 0
occupied_thresh: 0.65
free_thresh: 0.196

