image: 2021_08_30_18_25.pgm
resolution: 0.050000
origin: [-3.051366, -3.055671, 0.000000]
negate: 0
occupied_thresh: 0.65
free_thresh: 0.196

