image: 20210906_2340_1F.pgm
resolution: 0.050000
origin: [-2.144366, -8.792281, 0.000000]
negate: 0
occupied_thresh: 0.65
free_thresh: 0.196

