image: 318_test.pgm
resolution: 0.050000
origin: [-1.551862, -2.743180, 0.000000]
negate: 0
occupied_thresh: 0.65
free_thresh: 0.196

