image: 318_5.pgm
resolution: 0.050000
origin: [-2.938384, -3.691423, 0.000000]
negate: 0
occupied_thresh: 0.65
free_thresh: 0.196

