image: 2021_08_30_22_01.pgm
resolution: 0.050000
origin: [-6.317515, -8.288051, 0.000000]
negate: 0
occupied_thresh: 0.65
free_thresh: 0.196

