image: yu_1F.pgm
resolution: 0.050000
origin: [-1.841950, -7.527470, 0.000000]
negate: 0
occupied_thresh: 0.65
free_thresh: 0.196

