image: map_subway.pgm
resolution: 0.050000
origin: [-1.708764, -1.428533, 0.000000]
negate: 0
occupied_thresh: 0.65
free_thresh: 0.196

