image: sadv3_3.pgm
resolution: 0.050000
origin: [-11.217838, -2.286574, 0.000000]
negate: 0
occupied_thresh: 0.65
free_thresh: 0.196

